,0,1,2,3,4,5,6,7,8,9,10,11,12,13,14,15,16,17,18,19,20,21,22,23,24,25,26,27,28,29,30,31,32,33,34,35,36,37,38,39,40,41,42,43,44,45,46,47,48,49,50,51,52,53,54,55,56,57,58,59,60,61,62,63,64,65,66,67,68,69,70,71,72,73,74,75,76,77,78,79,80,81,82,83,84,85,86,87,88,89,90,91,92,93,94,95,96,97,98,99
0,0.5054421792663388,0.1754787641313149,0.6954536708726577,-0.01924924387833543,0.18779631818115947,0.30275666845891464,1.3084151793430803,1.2710100023791937,1.064937740984233,0.35919673291249166,-0.9636616408128706,0.2786372457348299,-0.22407100257204352,0.584747082252021,0.46707423163223893,-0.9139214739280878,-0.26364825950005844,0.8766593351615107,-0.23148841030806844,-0.6299672676886401,0.2614371754405515,-0.14694319104867207,-0.35301313153864694,-0.3379300700898609,0.46248028221631565,0.2495274044956161,1.1459617517476481,-1.09029011981918,0.6043951999310908,-0.15132095405308715,0.10147506875339146,0.19909337736028454,0.20738150044239548,-1.0626234742409921,0.2451621496842332,-0.42671945737962325,-0.975028617701015,1.4469524355927836,-0.507854434434111,0.2952587935752278,0.5652756735573828,0.5113299549546688,1.5361427176162632,1.1135294490318215,0.47650513822036455,-1.0429727240113047,-0.8263036239476881,0.561019161450606,-0.5226923867436306,0.7729649889150257,-0.4083408792042344,-1.9293519061695796,-0.23081293967778566,-0.3747866518575055,1.1237364596697645,0.47607596457432744,0.09993341519346055,0.6464399213253855,-0.12546950414331,-0.6716595045490732,-0.8909821224198603,-0.6768344626747738,-0.5542963677172666,-0.24083173337856817,0.2913582616465563,-0.11627728613536267,0.9261209298103394,0.34692011627867586,-0.007508913494086444,0.04156020415596012,0.22921186678251193,-0.4708109409661456,-0.061158154358772865,-0.2535544876221091,-1.425143161061743,0.0505777483949898,-0.22856061093649865,0.543960749143687,0.24444136893939566,0.6268040598478273,0.09767927613190541,-0.8376805482402354,0.24641556426442257,-0.24216527070713145,0.701205016466305,0.406209570429033,0.5748822077839808,-0.6685228353565773,-0.3006874003095605,-0.687594042368443,0.23411814343859874,-0.08037162188249805,-0.6117556723794966,0.13023075947983903,0.5251176307990264,0.9511840891389439,1.2016958494968513,1.1745371490813723,0.2885924901823226,0.07165665630975576
1,0.1754787641313149,1.2516459319442008,-0.7771506825613512,-0.5276232516468387,0.4706882569938153,0.14289693103336015,-0.4803119886794637,-1.3145764495610326,0.15591001056691345,1.0178026534288784,1.2433564876528724,-0.10686335619340437,-0.11647677106693,0.4105636061723812,-0.5288283497278624,1.0475488489949984,-0.49000219158728414,0.6792489552312163,0.21067659018583684,0.05293661574312386,0.3830392298912858,-0.5032930779277481,-0.1026700567274528,-2.0327004894331857,-1.1353847161583719,0.407123609795325,1.1769213340951623,0.302695678731812,-0.321439852023518,-0.7318191178502318,0.09326802164205888,0.7802786683312464,-1.246670478163584,-0.7108247507274724,0.09409029596442009,-0.7435795750132081,-0.1609810893124595,-1.4197848295363176,1.0023245992851408,0.5250949140297433,-0.24646735394858033,-0.4491867992637737,1.6128472682423154,0.4111667459893431,2.0820566025469103,0.6724681770435771,-0.5658202878090286,0.9402194701813918,0.5576679510099889,0.08660020482512482,-0.8188837155689428,-0.3271974690714573,0.6559424371303669,0.0191153677778389,-0.20452328569087874,0.3839289922867962,-0.17219943278083188,-0.5479732746011927,-0.1041827429512302,1.180238893395984,0.5738048961236935,-0.47356030405764105,-0.2113371612087295,0.22975064902411138,-0.4341638576561814,0.29792269267993965,0.3818179565996508,1.2205188969424132,-0.3535604897683524,0.4693489087503832,-0.005581823721476309,-1.303136560528738,-1.2336902195975517,0.354369814765815,0.03089433078861306,-0.2757820273834426,-0.035117495817961836,-0.4682630059811241,-0.3157715612557427,-0.480801071601044,0.04056138495473219,-0.712581190463854,-0.8096979897605592,-0.5242876571305279,-0.16311071291430623,-0.3331060824797789,-0.6638684626188103,0.17655275364079787,1.0738893138588514,-1.2003355491033307,-0.807190727511506,0.03827270931818566,0.35871827057690864,-0.19174980290006544,0.028131654965322106,0.5694181947476291,0.04331295621837905,-0.6239356770444152,-0.8489958119277435,-0.4429314482617432
2,0.6954536708726577,-0.7771506825613512,0.010601632116618322,-0.6336347406338233,-0.3281519092733343,-0.6096798922564066,1.443488934024438,-0.2704553825793821,0.004296440171074958,0.7572585278797255,0.21516538064276042,-0.9186084081256461,-0.0708645893959395,-1.2267959427059765,0.2079444069391373,-0.09352693752085883,-0.20260678980469454,1.2216437837824472,0.4399471332588285,-0.726613438815865,-0.06992590096734325,0.5553885166133354,0.5161850108524428,0.1462444339272052,-0.29833907916445923,0.6719569458705508,0.7848160404872853,-0.620456795628321,0.15253201216840298,0.16005499981789761,0.5803240351558769,-0.2539830498491053,0.16367789986707135,0.4724202392381502,1.6741780213721191,0.05923269771182932,-0.32597223129771635,0.47943407090461504,0.029762178966115105,-0.4523180446036591,-0.28085962085598837,0.24948390080425933,-0.21728146108273816,-0.33189914611718924,0.5253880461861187,-0.9415805237331017,1.1772651305246926,-0.0883875941828082,0.45360555512505835,-0.1095910022701676,0.2628667263678199,-0.1998749497849858,0.11930498466480995,-0.5194584808210143,-0.8249476741475655,0.22696430927262723,-0.14822901303286276,-0.37390943359103673,-1.149029415027956,-0.49448662776675173,-0.9415911837831419,0.7873855722881591,0.44934178293564997,-0.3290345532610291,-0.19751530571626805,1.0917868463148177,0.8439245743163024,-0.28994581251482465,-0.5534552423568448,-1.2274411122690645,-0.7113920714272206,1.6810322673110636,-1.0402468638856912,-0.9626165671063973,-0.3067272953096236,0.2858290493892528,-0.8465248763460866,-0.6924727416433354,0.1703968491039219,-0.256203527020197,-0.784967241042233,-0.28832911426756797,0.0886737447419313,-0.652858684966062,0.19787218122147793,-0.2534890236505597,-0.300162254842764,0.08160538289609581,-0.48211884641212244,0.38228775432095363,-0.31730019449192454,0.15952059694725904,-0.8580887004441496,1.364991739507203,0.5935130103445434,0.6922139699209785,-0.9877867684113961,0.1442819813351141,-0.5152274579596197,-0.2288512186569775
3,-0.01924924387833543,-0.5276232516468387,-0.6336347406338233,0.4647530969245024,1.5720778163542573,-1.6370093191529194,-0.8385579439645527,-0.48653699503487585,0.6102118363776146,0.6243086492364035,0.6317935046846281,1.0846265993905606,0.5340158469862896,-1.737393697525134,-0.5427427966466546,0.21073471465303018,-0.2243453697469211,-0.3351803165915607,-0.7041230942519828,0.07390677521029959,-0.25215464517700736,-1.6576697148305684,0.713034133581022,-0.14166487498878266,0.9178218234917908,1.2059618491765334,0.02189460618532718,0.9473176207536861,0.1728050066419353,0.04438441140909308,0.3009246672149618,-0.03471186898703341,-0.028674667113541753,0.48093841019759753,-1.4618336393476634,1.3106174020437376,1.1663715371955594,1.2015991640218435,1.1108428331040585,-0.9148542375695251,1.2102006679271473,1.466245231267276,0.38189756915067047,-0.7513597631763032,-0.2351746586155285,0.17951556955904302,1.3694723526159274,0.10975377483766852,-0.44372894961737974,-0.1712009177027988,1.1159391014118352,0.2691347737217817,0.7756013640098696,-0.526962684320995,-0.6370484411488759,0.022638346879789273,-0.128809992314466,-0.1376025234077662,0.4343342972772769,-0.1758808558263536,0.2803044394546968,-0.3130540247654607,-0.9628181657797649,-0.24585200408452018,-1.8467184716163643,-0.3139044385847946,0.6048398725150186,0.5192998735351564,-0.10764067092259258,-0.32612219960905353,-0.3948310165527644,-0.7319564873237264,-0.15183022041904937,1.0006487742960257,0.4347171137986635,-0.4146710690000068,0.7394147354738472,-0.1866334491718578,0.4154125956771781,-0.4491929669285947,0.10836795590094501,0.351206709903964,-0.724769502768917,-0.4226014235940704,0.5899903961419954,-0.24407085033069942,-1.1809523058897673,-0.6830014046923064,-0.6546895046280481,-0.34302308438781826,0.2251373781793592,-1.4563075812990536,-1.2867784364494739,0.03722515297572687,0.055133408514489946,0.18016330893393445,0.43639179325799476,0.5072602407431542,-0.5775162499542076,-0.28287167773758176
4,0.18779631818115947,0.4706882569938153,-0.3281519092733343,1.5720778163542573,0.25062945302801115,0.9580163124804884,1.805096205517781,-0.8104199033063981,0.12379628806881154,0.08974767769598693,0.05953440804064669,-0.9878098508691782,0.47414240438002564,0.5053250059625025,0.4791112115310182,-0.01463169520142995,0.1598134393272675,-1.2990331486187405,0.36567121535438407,0.43606421773056603,-1.5790223206303577,-0.0029026547473874065,0.26185707479264997,0.9479251117871008,1.0178926774622643,-0.10696063820104408,-0.33556860378541337,-0.4028333446880284,-0.3987114008555671,1.1452142280519497,-0.8356181605776472,-1.0512224062980375,0.5096129811257485,0.17209390718073442,-1.2035493022144366,-0.2915057241261915,-0.6831705825151198,0.33772169048022777,-0.5322194283982022,-0.0981176042441679,-1.1092768191746314,-0.9760481411083521,0.31310342479214903,0.10490530194550973,0.7041975690588729,-0.5916459075063881,-0.6542071847505283,-1.4267211723191262,0.7870097920295189,-1.164577268635616,0.9600428759927765,0.8471677459066357,-0.3322113926533202,0.41453190984118615,0.2888312025159476,-0.7281420334985746,0.6701631639568311,0.3819546832753661,-0.0348127234711996,-0.22621537611066628,0.12112614713399415,-0.29147397042668105,-0.6500450005969716,-1.4540958204699495,1.2528126010721705,-1.0710424332517996,-0.6136171398372591,-0.5274188515989657,0.9218375356626556,-0.14038143010741627,0.017815304528545267,-0.23547732220998263,-0.667226236306541,0.48212255255926406,0.8358264010414405,-0.6728158077711817,0.347037461690039,-0.8763584295985752,0.5056629138110309,-0.6493883464252828,0.6502848630282565,-0.14929954924429334,1.0080335670146796,-0.8551423839484974,0.2849575413155848,-1.3185996882323237,0.16100190235847164,-0.7625966569697522,1.149512767848842,0.06257084104040866,0.33184273258364033,-0.5797587909280406,-0.7004676646276197,0.9025544053896701,1.3440243476061127,0.23979938919769017,0.25387600217943296,-0.47138206961905904,-0.4095937772034629,-0.6136299283960719
5,0.30275666845891464,0.14289693103336015,-0.6096798922564066,-1.6370093191529194,0.9580163124804884,1.904730381529154,0.38084123388595337,0.16812869363603888,-0.1462723707880689,-0.5091532859781694,-0.9374768098740307,-1.4613198604007869,-1.4224475675014188,-0.5936223522610997,0.5894534540444012,0.11426480810604354,0.8790749049918731,0.8947369377716581,-0.3066384701818947,-1.0581286169820523,-0.5917077769578765,0.10197036620092959,0.5958693881640071,-0.19436909617465745,-0.12243984312423983,1.4558435415543243,-0.1928979617006072,0.21050829277857472,0.7562693609393015,0.03770053845877824,-0.8498705590725406,-0.673121485026211,-1.2737859056442138,0.24368407043417445,0.10990786356996354,0.04968843339755086,0.37195746623537895,-0.31938691787395646,0.8071182795139542,-1.7308680391609947,0.501400235597318,0.35619774367158763,0.14255882088752603,-1.8102925314457754,1.2643517659091614,0.44841058514768434,0.17447002317094257,1.1035735324831815,0.1655844805662549,1.4996639593509458,-1.089009687178123,-0.17473592857817177,1.0208550015379836,-0.616122273409766,0.179749765683773,-1.6214881713381373,0.6171920315642095,-0.7913257416115781,-2.2326153330241807,-0.15442736080201958,0.7532214723291382,-0.3882853939018849,0.19649109661698305,-0.9867859099790015,0.4945682832001118,0.6302063695173257,-1.036124000153126,0.031408234356564146,-0.1475349904904616,0.025489361814539924,-0.6349273524278902,-0.3551527431697278,0.01655150171091327,-1.0075058471535836,-0.18293906587357633,0.12408115758512339,-0.6911302419736605,0.30694361587641145,1.8893159110019555,0.024914834569099154,-0.8696129515052458,0.6314448133558352,0.5425540239405502,0.11375107869497678,-0.2877858775487171,0.12824031023682575,0.17879885593549447,0.7301682282831121,0.19948643522432286,0.20697308555717897,-0.5455008377753418,-0.38186573576970756,0.003356198527890833,0.4500816353100455,-1.530735458085343,0.4808330360004458,-0.9523922717044698,-0.36353853549312826,-0.026629003851645627,0.48616887555434274
6,1.3084151793430803,-0.4803119886794637,1.443488934024438,-0.8385579439645527,1.805096205517781,0.38084123388595337,-1.0496649853971427,1.5901217239524703,0.6645572668841364,-0.2633674631102779,0.2906468657424124,0.9671124712936066,0.797934771242618,-0.8592474914704751,-0.5386634719054937,-0.08783950466760249,0.5009890382946954,0.9898309153190444,0.5034423479521395,0.6187712404625054,0.6643042093182182,-1.323111615016455,-0.4020652661127357,1.1096512324292689,0.4689714363323454,-0.6963374054709277,0.6346417661304641,1.262001850074915,-0.1848779604233738,-0.714333135828012,-0.36289031611244177,-0.3364791135959226,-0.7384839628588369,-0.44578103121442825,0.7093492241830032,1.1523535625245966,0.36439138517926484,0.4007906308228121,1.1219964429679272,-0.03265980384847744,-1.6250634846262817,0.18052143301872034,-0.14163443788939112,0.694171112343799,1.2215454557812524,-0.8519325892807175,-0.4553619150067744,0.04683265045287867,0.02956726271343746,0.6994758200006779,1.090969712735016,-0.25442231915161817,0.10428660834504853,0.04263197347889652,0.5957887151611762,0.9964161997684067,0.20275962324535154,0.32233532750228877,-1.6842247368453735,0.5325498247555747,0.2623085666376706,0.7213348962338609,0.6279546712579558,1.2694632765514462,0.829351867601239,0.017496797902687898,-0.1672941850993485,-0.22257425568581662,-0.6592274871094929,-0.19809281810370677,0.7117638435403179,-1.1384230216689692,-0.6603960282667032,1.4394586668864229,0.13711635427885654,0.5244854117926966,0.04227803689111859,-0.09647351741736332,-0.4114412093833019,1.4897204304807623,0.4675265652929168,0.5902423717139129,-0.5562996144980004,-0.4282809794372044,1.2043696335195242,1.144948016770041,0.24192042521157117,1.0869686914524022,0.2301066916259425,0.4240448789276168,0.36243664427681493,-0.6234274290721303,0.5302629999332851,0.3802185598761079,-1.0067500852982822,1.828053527453051,-0.8680756593318469,1.2342315669321133,0.6250390396264079,1.0814322989638225
7,1.2710100023791937,-1.3145764495610326,-0.2704553825793821,-0.48653699503487585,-0.8104199033063981,0.16812869363603888,1.5901217239524703,1.4184011708956756,0.0021259326474345475,-0.26663014292915665,-0.48657349439509323,1.4889676310754334,0.8724871643977408,0.26643638003023346,0.6441112713833188,-1.075412072286932,-0.246654938299075,1.0659231534450728,-0.33873170857411,0.8668241394462793,0.8818467778729427,-0.27113981914592505,-0.6241535206170574,0.19721548138704725,-0.8563042641011881,1.101528938431892,0.2390134367131413,1.2500215960465904,0.9648892965987618,0.20571187415715955,-0.5102002987410286,0.03734202541851685,-0.055664818252427944,0.16336439498431093,-0.6712038012868928,-0.13829732589372917,-0.28003158223207836,0.7876570710827273,-0.5254307485417703,-0.8853354738430557,0.8332732610509489,-0.07964749195067994,0.12198320671712026,0.10632530119983699,-0.7206284046501273,-0.6601904808595234,0.14824519763401278,0.4249624329838197,0.2472681526746492,0.8402244300131554,0.5445799799941937,-0.08204000434083787,-0.12661668615540045,0.816468067310814,1.593559638630743,0.42708773826130936,-1.4534044426529233,-0.047945398895503644,0.9627868050859226,0.07476589656861066,1.4048416686774576,1.3994247840045424,-0.04676956739215513,-0.628416552078796,-0.3173471434111572,0.8185071568276594,-0.3327097002067644,-1.4163599603603623,0.6350391809751668,-1.1447606603671698,0.35239850084593266,0.44682970533694677,-0.20510687430616706,0.22044507014868273,-1.0801058265239805,-0.49849344444726695,-0.7319511149529931,-0.11337419275481947,1.6396592842348212,1.1336461700895717,-0.8129709183910581,-0.4631479277696914,-0.25307274800226986,-0.35993150687725833,0.30271675269139087,0.9975694480109751,-0.48904572042709976,0.35185284355332636,-1.2765819912294676,-0.19375018298405106,-0.6551819270763243,-0.5880647901065433,0.1820319914899154,1.0462760382506504,-0.9551582950843753,-0.5358388511109371,0.6739054232171725,0.11802082749616916,0.15131960158226002,-0.3026680190679706
8,1.064937740984233,0.15591001056691345,0.004296440171074958,0.6102118363776146,0.12379628806881154,-0.1462723707880689,0.6645572668841364,0.0021259326474345475,1.7888260199468204,-0.5322067803645107,-0.31197437069150036,-0.16236759914835766,-0.3043792285281601,0.6677753424650452,0.338393836295303,0.20058486444402035,-1.1686998996593032,0.04955612616341734,0.02277185197693493,0.3098712007348856,0.039813772041146,0.623624952590347,-0.16146149211341387,1.259802939956441,0.46500289986647014,-0.1598763561348217,0.6771761504119118,0.14700814448651103,0.72196432943915,0.336277574444101,-1.2881800461893533,0.3914268630841419,-0.829773289297196,0.3171801457967278,0.25498339089806,0.583740651162291,-0.6450804720809319,0.32361604537801725,-1.3724263134663108,1.4806598837727034,0.8417459059837172,0.35411280945381063,-1.0050961015845814,0.0740936855745333,1.1651794328482128,-0.7430915868646921,0.26909719107135976,-1.6388885712849204,0.3605477748859235,-0.2509292428800021,-0.05539518274084475,0.65024170438517,-0.30342875245066037,0.4094554468372344,1.2727759604914874,-0.8358308546797483,-0.9736168433835755,0.5582131416397346,-0.07283214623317513,0.003779923803137075,1.0879235622482486,-0.04758199773040234,0.7026782620841041,-0.3840683327887787,-0.2333178387954366,0.8089046657606846,0.22662698314655821,0.40066542388954873,-0.15424246676122444,-0.38433006468534153,0.7928496707809409,0.637666009605111,-0.5941878209760165,0.22889052754983308,-0.3626356615687173,0.1276620100921707,0.44940911729153116,0.6354742220336755,0.5246857529754025,-0.37221987465101536,-1.338097027966447,0.10351233381263888,-1.401605237916134,0.6416227464334374,0.08767457176821367,0.01951436012219787,0.30591863104210615,-0.5296432891298758,-0.31604196703715126,-0.15303666854987363,0.7157448109105227,-1.043937673037564,-0.026927057286683386,0.3187168548638837,-0.32220905880124884,-0.5314107192473985,0.14237758029512104,0.10545708807338554,0.39697791319775255,-0.5292696690308987
9,0.35919673291249166,1.0178026534288784,0.7572585278797255,0.6243086492364035,0.08974767769598693,-0.5091532859781694,-0.2633674631102779,-0.26663014292915665,-0.5322067803645107,-0.567682136436327,0.5406928293988548,1.5908347961339022,0.18348007244077857,0.4855954504368619,0.1177839562814012,-0.4538168851914598,0.4510603042589386,-0.021037396556495225,0.7741454441695701,-1.1303261922610548,-0.7780917889327802,-0.12479253671214698,0.7591539045958253,-1.0912386486939925,-0.03532096805881982,0.23282486354207882,0.31359171329668345,0.8160394053810384,-0.11151949203804898,0.10123644066173354,-0.2797003615541423,1.0645604686896684,-1.243038583735679,-1.033568294233518,-0.13593750025910095,0.2690662394074802,0.9115594137852734,1.1411307090634761,0.6438821086429959,0.26395147209617464,-0.9613461521324665,0.7136814685079291,-0.7802501161168882,0.677150783621564,0.4323622006245491,-0.62246622177873,-0.2516734254791795,0.14998319764982584,0.4264724971888588,-1.1822857210464954,0.5727511579567945,0.04448364253086977,-0.5030264280136056,-0.5771768577163301,0.8793502297215778,0.9902852751134752,0.7983789216512207,1.1604407127420493,-0.23991176367601338,0.39173079366422714,-0.608586668475966,1.494064278910334,0.30334881014304504,-0.29004402652511174,-0.3000542040405568,0.8113173632362267,0.6379575231375665,-1.0484638120636423,0.23748426221437022,-0.5085695987753325,0.8986817822178637,0.8590992798288872,-1.413147457429594,-0.5965096659882513,0.48814701718155756,1.041861031486489,1.5657593619349217,0.7092441737080576,0.03564321298530121,-0.767308096247652,0.3171490632730185,0.3688478662914017,-0.5171105771329754,-0.9597213953083367,0.14534066327283468,0.7819477458449572,0.43669810549516225,-0.6979309783049059,0.5669282821262227,1.3447352347691293,0.04481175147253262,-0.2567353481991506,1.331617740515549,0.5701012059666639,0.6471949126368133,-0.9521517014496955,-0.013149782640569818,-0.9818584459287225,-0.06082271818043079,-0.759836050206227
10,-0.9636616408128706,1.2433564876528724,0.21516538064276042,0.6317935046846281,0.05953440804064669,-0.9374768098740307,0.2906468657424124,-0.48657349439509323,-0.31197437069150036,0.5406928293988548,0.13467867073075887,-0.7216509927669847,0.5975041746941756,0.9115580880535555,-0.452979952053723,0.5103281001922375,-0.5795448024729659,0.04176513378586072,-0.7284125350603238,0.20585818054120875,-0.4685529012955638,0.2331866337398454,-0.9154101996587976,-1.253010526496047,0.15625680058302732,0.04401909025878628,0.4843791202477496,-1.2527839801239316,-1.6122628954843183,0.01213317939554348,0.31711920983698727,0.7797420962465437,-0.2083896575555923,0.504405783967752,0.19186096937613026,-0.34647490966279243,1.181182642746974,-1.1169263406552368,-1.2219768766266932,-0.45704793139623356,-0.2127700252288559,0.6016127954135675,-0.17085744537617054,0.38368406015573736,-0.33393010912660337,0.40517053144184934,0.5970517041872057,-0.3086364556115048,-0.9234024483329062,1.7163317884456952,0.11100874292571963,0.7304425723887037,-0.5397891917094975,-0.07596505119386343,0.7862944025078665,-0.1937527475749926,-0.3558753944504791,1.2171696128147111,-0.2571911907348449,-0.046465509921344905,0.5314851655084532,-0.15343518780997656,-0.9760219384116732,-0.012331038859203225,0.4072326881570928,0.18439289790204616,0.42906338361104346,-0.13068655432256424,0.40904942398897454,-0.5051973290931387,0.37440801389767586,1.0398612995416558,0.9800587121646402,-0.4712889850558874,-0.003374028582324329,0.15423879927479886,0.7932662624356757,-0.09676931941488573,0.7815971873220774,-0.35701328876307603,1.3066405621408834,-0.032574273720836044,-0.16263570804237315,-0.1411756369739575,0.5036867777301528,-0.35825241622734644,0.19568674350457613,-0.3077697507647672,0.2647122153563611,0.05857676168671727,1.7312884215145212,0.29847306681862995,-0.682326842015113,-0.35822087760146704,0.17578920472662563,-0.12066820614102558,-0.5075052296758524,-0.12184024250216915,-1.043984288535504,-1.0329693099601276
11,0.2786372457348299,-0.10686335619340437,-0.9186084081256461,1.0846265993905606,-0.9878098508691782,-1.4613198604007869,0.9671124712936066,1.4889676310754334,-0.16236759914835766,1.5908347961339022,-0.7216509927669847,1.6668182122548492,0.9188531351232285,0.3138700812660793,1.4970325536276512,-0.8789386839768818,0.1959348767939902,-1.1337725957200515,0.6313433140140541,-0.13702382278348646,0.5488709206137614,-0.1081667532393813,0.7242683921324302,0.23973142838538342,0.9550390160235422,0.1857315879375692,-0.4918169992882615,-0.29622461630984437,-0.3089855601327759,-0.9442549114369171,0.9327212808916264,0.21022956247759922,0.8975185321772918,-0.8349922609178481,0.5495101613325911,0.5344552332612829,-0.012959721408825176,-1.5690301480906699,-0.46432249617693655,-0.22482817285515455,-0.891575681935188,-0.5785765177210302,0.9336242323031966,-0.11328618055235871,0.05365980427376171,0.9950793133506919,0.42903334147792277,0.48455705385723535,1.1934542276093207,0.09686987263226152,-1.062191027200969,-1.0316439317536854,-1.0201958103975368,0.5429271969963708,-0.48509966759767026,-0.32291262627768846,-1.2570433454721446,0.4783356820242798,0.5893024499572367,-0.7496376381777485,-0.6083883450002744,1.2267972377601035,0.7513728145660458,-0.9482225622002389,-0.23524764578337254,-0.8464438830949639,-0.2046086557970129,-0.4070330021768797,-0.7431660112763017,0.2316504793693941,0.6869390809681719,-0.32087227070949126,-0.4120253277300818,-0.17157042712704954,0.10583708952921247,0.21893596778020086,-1.134512944652555,0.10493413340972957,-0.4261686840946743,0.7321796660592065,1.0337984605215151,-1.0238597747938196,0.01779270277784728,-0.42531313677211513,-1.1100801141466239,-0.6073947687861174,-0.45467508508170285,0.5023512725211371,1.595728412508595,1.0829216365896397,0.9882455625604529,-0.6248251952384487,-0.5853269320210942,0.6278260462948402,0.8150523920161943,-1.4130433822967108,-0.6849354224134792,0.0013280940902551386,-0.05442718826781451,0.8857342878097593
12,-0.22407100257204352,-0.11647677106693,-0.0708645893959395,0.5340158469862896,0.47414240438002564,-1.4224475675014188,0.797934771242618,0.8724871643977408,-0.3043792285281601,0.18348007244077857,0.5975041746941756,0.9188531351232285,0.9724973962813878,-1.4273891987684941,1.2073111522971853,0.48037410685243814,-0.11066080461082367,-0.9526222444094431,-0.6192608737700194,-0.36082612430467603,0.3839001275422266,1.9529428418030887,-0.12089489572870578,-0.8437156270275836,0.8932771845266718,0.8913368950706335,-0.4685829169870636,-0.24126094553369148,-0.26391897243661144,-1.0862434407066615,-0.5288161833850448,-0.20488156668615431,-0.3175702531522133,0.2915709714229421,0.2512921615960192,-0.0713291500513808,-0.40487447659304915,0.439005048515647,-0.8289199609611424,0.44902467718128714,-0.764380527624444,-0.8182943911998344,-1.4863083366623697,-1.6095790597965671,1.3131622828890106,0.42932130690148423,0.3892650336050173,-0.0990948795913113,0.7100623772070654,-0.8715641978293769,-0.15523320326126944,0.6539350767193418,-0.8038919183636376,-0.8151963194822042,-0.16354578048365098,-0.4551734794095934,0.9335221406835676,-0.08532029653465432,-0.5222568733706874,1.089507127041336,0.5961409718479436,-0.2529938096930876,0.46471591497465425,-0.08117617423840429,-0.8229943733112648,-0.22711677458629878,0.41346025221641564,0.6307289977286965,-0.6903393132228206,0.3867151342655136,-0.35505771943946,-0.5374364103564323,0.549799362554304,-1.292349702907602,-0.6928708023710624,-0.2365653725775079,0.48198800153293153,-0.9488342655119852,0.01372106390260297,-1.0209383666953027,0.22416717708197298,0.12166154433463953,-0.418352248658754,0.0014162111368427321,-0.26998060254618717,1.0261231113611384,-0.299157677989557,-0.37094499892136534,-0.4363947087807306,-0.09492371052543447,1.1209106138953302,-0.17118754667558717,0.14052361853846515,0.682970519045301,1.1476157041665949,-0.02401900532746884,-0.3224307353528239,0.15342233955444892,0.7176948696045737,0.9178416764495059
13,0.584747082252021,0.4105636061723812,-1.2267959427059765,-1.737393697525134,0.5053250059625025,-0.5936223522610997,-0.8592474914704751,0.26643638003023346,0.6677753424650452,0.4855954504368619,0.9115580880535555,0.3138700812660793,-1.4273891987684941,-1.4578910497726771,-0.8331725475245648,1.8217707508677814,0.13465749986680234,-0.39075627597882473,0.41160651157649275,-0.15665277191251217,0.19825719692197574,-0.09743257289288867,0.5802749503283574,-0.29818857056339054,0.28597593002941546,-0.9260378926803381,0.10597468798010401,0.0932778904941634,0.7385673635508393,0.3814413086359128,-0.015951555865263686,0.2932395096415033,0.6978969354029011,-0.3250488265147843,-0.5167719952728402,0.7547750053338926,1.1921956349467246,-0.9075751036872273,0.05041252772718996,-0.946374476395367,-0.18151014593536258,0.11703431403897983,-0.05921115350599088,0.7266997456193207,0.3286614159053429,0.4645586289065932,0.2378366719054867,-0.5294291708495424,-0.1964345779519201,0.2679259038388655,0.13179464910697541,1.077218909518133,-0.2553746249100621,0.20797735556537095,-0.500899898840344,0.4703722414715207,-0.8205058296645651,-0.9706719803028954,-0.04500357463973281,-0.4950286686604657,0.9266567199308144,0.0315645057228191,-0.9838084506081399,-0.7055539962950164,-0.8826688059106598,0.33906101488083645,0.7987646853811325,-0.8377219468700494,-0.3879228465136631,-1.4735942445601187,0.717511842819451,-0.06383971317310366,0.5552267769244409,-1.4506485547177852,0.6567183947618449,0.7301270078022355,-1.6187205675834084,-1.2446134550359047,0.35047859042016993,0.5287410469891035,-0.132272618717927,0.5243724195256106,-0.919446655685496,0.6912645374343744,-1.1504065540522257,0.34340651167686265,0.741053236235548,-0.7556683352216486,0.7506052796098655,-0.11806022874710603,-1.22199757771518,-1.5948644979186404,-0.4696336326270384,0.0153422648643661,-1.6053375976002464,-0.19190160949917098,-0.25265506998445814,0.8045211407799489,0.2486922946907476,0.7938408790844367
14,0.46707423163223893,-0.5288283497278624,0.2079444069391373,-0.5427427966466546,0.4791112115310182,0.5894534540444012,-0.5386634719054937,0.6441112713833188,0.338393836295303,0.1177839562814012,-0.452979952053723,1.4970325536276512,1.2073111522971853,-0.8331725475245648,0.03655401212505316,-0.6822157000903599,0.2935354943569879,-0.38862452086722576,-0.6185062043726327,0.3333510810902877,0.32135145437546186,0.6639562020114516,0.28774251773426185,1.1049050620928729,0.7149576803652247,-0.5880989179224622,1.0799853664740413,0.38297439832485103,-0.2157769190946899,0.2886306609352557,-0.02041385746627984,-0.16700671775096604,1.030288240658652,-1.9345922155019777,0.48773507008804395,-0.6689593293446361,0.2249564136085236,0.1314994065146931,0.2984484636863204,-0.4292404450134574,-1.6897797247763506,1.2412453175002776,0.08783676629606735,0.18084125695086245,-0.13922050169008018,-1.1956024009875046,0.2971324535572369,-0.08348640194184886,-0.2194587290977728,-0.1881477723963647,-0.7489178403985897,0.08960118915909332,0.3649145218846207,-0.18071421631963064,0.36515587272303945,0.5151361617138193,0.19544678615583772,-0.5321154820090993,0.7206301729295868,-0.1847055686539573,-0.3664646658464323,-0.17912436021150288,-1.380618866530558,0.9681816794419738,-0.303937543371352,0.8646700353420258,0.944165467621338,0.0020043155172675964,0.03615966550986199,-0.09730995179463575,0.9863956160540203,-0.30633578827105157,0.7276626814640379,0.3740723338906347,0.11904057506617258,-1.1689653779382028,0.05113563759742332,0.2880515791552851,0.3814877811279131,-1.2718629147253127,-0.1901858094914282,-0.13335917233594352,-0.46870974043143454,-0.7055131565283403,0.4768411418388802,-1.4028055848970007,0.12069460119686415,-0.018693431799508164,1.0470965836767316,-0.2179012076889164,0.6360227891520992,1.1931745355083643,-1.1703930946049823,0.501613119774535,0.5127242561638499,1.1801141188346977,-0.20546637397946965,0.29331587053825,-1.1655287430327868,0.0438662969956143
15,-0.9139214739280878,1.0475488489949984,-0.09352693752085883,0.21073471465303018,-0.01463169520142995,0.11426480810604354,-0.08783950466760249,-1.075412072286932,0.20058486444402035,-0.4538168851914598,0.5103281001922375,-0.8789386839768818,0.48037410685243814,1.8217707508677814,-0.6822157000903599,1.2260911638997778,-0.09058896172627195,-0.4908876184650458,0.07527096741698783,-0.15773671103323056,0.2885723800743913,0.14241726111448297,-0.20010693916475483,0.831699116482829,0.07634745721764563,0.19099832780274317,-0.8447795860573015,-1.6944105359925417,-1.0280029931392447,1.4575659112405224,0.5377647389886824,0.6684645575731545,-0.8179212812659734,-1.1752707638540112,0.8590273574714414,0.6771475319855871,0.5085252304279402,-0.2884749069156665,-0.8932993184278811,0.15868209222130128,0.2090168096880462,0.9756994703632912,1.5032500781192573,0.03467380028278988,-0.07617592495096949,0.3285482816087272,0.10502972153051116,1.3169878389351268,0.14983215927583216,0.5544639349677497,-0.20661812636532323,0.9239724986505197,0.6683604354079153,-0.264384255233145,-0.6988469629491187,-0.2965302191684712,-0.8477462920591381,0.5402278307903181,0.3093516691480342,0.11179702941461496,0.14523434429436063,1.3669971434483055,-0.1642186274269931,0.8556754527049085,0.554432866652486,0.5732966700311319,-0.1702491455520475,-0.3441787486157065,-0.48310388252802294,-0.03410509261941383,0.45047623391335834,-0.8140363239401341,1.1166841110064778,-0.11702802544317609,-1.703091121621425,-0.40694683058222414,-0.40470797493623534,-0.5187273471540089,0.4157173920558843,0.2582008911791113,0.48092544321978264,0.15259563713633367,0.1806856228956728,-0.12980684824874356,-0.8432118725774821,-0.00019094731631091877,0.22893598437430596,0.5767659277009939,0.589846399103746,0.5199511050265612,0.7347079088082664,1.114391195032134,-0.43159430167386964,-0.24326935116732085,0.9531304030390797,0.587232857493611,-0.001955312439169344,1.203515050847908,0.5104725400378645,0.6719629889893807
16,-0.26364825950005844,-0.49000219158728414,-0.20260678980469454,-0.2243453697469211,0.1598134393272675,0.8790749049918731,0.5009890382946954,-0.246654938299075,-1.1686998996593032,0.4510603042589386,-0.5795448024729659,0.1959348767939902,-0.11066080461082367,0.13465749986680234,0.2935354943569879,-0.09058896172627195,-0.6212869158754574,0.823401865149233,0.7180095869652132,-0.03931928538958157,1.1202335160717147,-1.0308791745667776,0.02878896297904611,-0.29547200028698095,0.09838147753139134,1.1313030508604123,-1.2477556654619057,0.25975731946093156,0.5760264045808388,0.4797999164168143,-0.43749082450732873,-0.08398855808074965,-0.6130413581185727,-0.7611351407987197,-0.9777143497316763,-0.32410530656495906,-1.463131853566312,-1.426236391274434,-0.36790539684671353,-0.5021998575283098,-0.03140436594745355,0.8584589753512,0.46254167455745787,0.31855241942723467,-0.5058499890607742,-1.3042219565223587,-1.5013496222823643,0.557497904646029,0.36465663608850374,-0.20045067521868543,-0.15017358260874988,0.21040589884915362,-0.48312407543069524,-0.4723980712070723,-0.631139751692484,-0.1757933221729738,0.9034673765532656,1.2111090588938738,-0.6664161366485918,0.6129654302582357,0.6142934665085602,0.39547745919807303,0.6856368684967786,1.1554833977638497,-1.3096865832342188,0.7550067597635147,0.05621073538119725,-0.24521485933662993,0.851948862617949,-0.70730581555827,-0.192513310463377,0.7582182620355498,-1.2892465147148433,0.16564777774599776,-1.18040266591421,-0.1673694796706638,-0.6098577798167375,0.45510915891211934,-1.2220674999251269,-0.14713091366514963,0.11990482414079012,0.1487932827179084,-0.04095074615876598,0.7979252635596921,-0.08182130165603288,-0.5307975499858253,0.45190451651384234,0.6722348256170587,0.37458338679870173,0.5415387649102218,0.1888580613979168,0.9083352958689277,0.060538742196756645,-0.8741000110380301,0.770201929154334,0.092920929763876,-0.9259434205154604,1.3990432721591657,0.06427694663214349,1.3110856547759193
17,0.8766593351615107,0.6792489552312163,1.2216437837824472,-0.3351803165915607,-1.2990331486187405,0.8947369377716581,0.9898309153190444,1.0659231534450728,0.04955612616341734,-0.021037396556495225,0.04176513378586072,-1.1337725957200515,-0.9526222444094431,-0.39075627597882473,-0.38862452086722576,-0.4908876184650458,0.823401865149233,-0.6651830880044345,-0.2881148258234961,-0.24040651749604236,0.6291909522143035,-0.026057913006453284,-1.6408648560705312,-0.4615620739598895,0.302852536866403,-0.6773035156560112,-0.027871986712828978,-0.8697710523216509,-0.37608548176855905,0.6114268520426931,-0.33276850264974356,-0.6273822935411669,0.17419575540153187,0.9723976673339212,-0.488689664568983,0.21456466759034915,1.7475806943187153,0.41655837338886625,0.4524123108770562,0.7625115670052157,0.1230484120549889,0.4494710043564376,0.42831609943519083,-1.32125221478584,-0.8648907527332069,-0.38309728973936086,0.4359046129111709,0.2903888584642317,1.2140942861937907,-0.40697464516782067,-1.2994219295988247,0.8980855857913792,-0.4905836574656694,0.7524023303132497,-0.5576740265467648,-0.2369724424392201,0.2824939742388006,0.5918902870293468,-0.10366480879444723,0.031542427928933886,-0.8858535286628925,0.7315661979465307,-0.4416703458397851,-0.8050111898527703,-0.12685242401705216,-0.7727746471818697,-0.2399556104198618,0.6762031413827764,-0.12628234111059944,-0.2786569535170157,-0.4723702510819371,-0.7459911345199538,0.1537743332915725,2.9907280167168784,-0.1509485776974407,-0.6116336898608806,-0.37657073696944554,-0.9195259813469211,-0.735454034288004,0.6995873562054089,0.6320652453876838,1.5228058294071445,-0.7384691686933028,-0.12982178228203373,-0.39997774421885446,-0.13589757360040267,-0.3238692967569411,0.46084483734758236,0.37725149163286925,0.31422549459270066,-0.501137064926921,1.0140878489548948,-0.2091265618449372,0.362153053637712,-1.4454033617029616,-1.0187302788560744,-1.3582304049512817,0.29790404581004437,0.4140492268560403,-0.6200365853863519
18,-0.23148841030806844,0.21067659018583684,0.4399471332588285,-0.7041230942519828,0.36567121535438407,-0.3066384701818947,0.5034423479521395,-0.33873170857411,0.02277185197693493,0.7741454441695701,-0.7284125350603238,0.6313433140140541,-0.6192608737700194,0.41160651157649275,-0.6185062043726327,0.07527096741698783,0.7180095869652132,-0.2881148258234961,1.0429398301578519,-0.4593255319676845,0.22835806786306156,-0.14196666446122563,-0.005433498028645012,-0.4149707716592592,0.2534794115356166,0.4206896452455815,0.1084349356083445,0.977605561426327,-0.029382381386045542,-0.6104248807006039,0.7521341251890169,-0.43544434748327787,-0.19531260131768058,-1.4609447613046962,0.09425945414479198,-0.10582522274831424,0.2578353416191498,-0.18675679709658344,-0.5149251849683237,0.6931182674412044,-0.8206639329126586,0.3786991127251869,0.07217240810788861,0.2029198380373487,-0.30242882934374093,0.27217174721191895,-0.0688089422337026,0.6208316552410944,1.0189129115674211,-0.10616063756178334,0.13013109324463468,0.0693576838155151,0.37467537187011846,0.12113006235847146,0.5095248399170287,-1.3465359219730666,0.46709658699020123,0.6214173704600989,-0.020381514202356454,1.2321502474543178,0.3027447502547188,1.173904195537249,-0.3519030274862789,0.06707291200273796,0.15838727279541287,-0.023528125886644997,-0.18937646797948032,0.24352269925173303,-0.21280035522967136,-1.1166755828611548,-0.42727599684744333,-0.9552280094642563,-0.10473707142481187,0.9481110592557922,0.48200007048093035,-0.044498989695185676,-0.9285276968227744,0.11336348091329457,1.0479080221637838,0.39664642931034405,-0.3147973829669308,0.6608067629231624,0.02836204943267459,0.2658924460291118,-0.442838402512085,0.7272211660555119,-0.3554028224035221,-0.4265765202342757,0.6957173044947098,-0.005995736382115757,-1.9874778436136107,2.060907109624339,-0.7092004968960097,0.3159236233199017,0.2620203262461165,-0.6513941666116011,-0.21297921314500956,-0.13061431963473025,0.7697008437804822,0.5194986241696824
19,-0.6299672676886401,0.05293661574312386,-0.726613438815865,0.07390677521029959,0.43606421773056603,-1.0581286169820523,0.6187712404625054,0.8668241394462793,0.3098712007348856,-1.1303261922610548,0.20585818054120875,-0.13702382278348646,-0.36082612430467603,-0.15665277191251217,0.3333510810902877,-0.15773671103323056,-0.03931928538958157,-0.24040651749604236,-0.4593255319676845,1.404845789923242,0.017607539059309174,-1.2384404895538457,-0.33272186443196006,0.020091236589170364,0.6475636551217246,0.6900428568600345,0.5014331640142148,-0.4493530544862408,1.895388033178925,-0.1327845574169968,0.7398802427912184,1.0700036130390749,1.070106857303902,0.04832676144115361,0.06397527211518333,0.5250377861966805,-0.11866778570038956,-0.39481669810980563,-0.9253535067965826,-1.0306993038382384,-0.5099426541139838,-0.16092069696252645,1.036818338063378,0.15209498503171448,0.049337347243872426,-0.28657708400930854,-0.19799897489431917,-0.12641928442547395,-1.6292940727753231,0.9358322365151825,-0.7944276110544268,-0.6778833433930995,-1.054742536682387,-0.778880535664823,-0.3960618045385015,0.05382360677219017,0.2174683154174325,-0.6338301670465257,-0.2533580106889245,-0.23912152532466907,-1.0687980511956563,-0.29346554436286537,-0.2604421837297122,0.48707781115250315,-0.5062814919411627,-0.2969624537176505,0.31908212015489007,-0.9268904052659481,1.4641169797958027,-1.2432937226491525,1.2371802964152343,-1.41536413099034,0.026762600894602084,0.3438655586634867,-0.1583583336728942,0.013590593377775961,-0.17966591709973512,0.3195562944354342,0.12609099043609928,-0.9213964284956377,-1.228706445296291,-0.47289079500156433,0.4377610768078538,-0.31305543010203685,0.36998691323915955,0.6426652434756055,-0.5671434444324567,0.31155223471136684,0.15137708928027005,0.5183190892627688,0.3577181157334349,0.0652854664763135,0.27975167188192773,0.679517607113286,-0.22335238803042284,-0.054794699761990945,0.49756671663924806,-1.5873079612781453,-0.38192517241824775,-0.546137247125031
